iter	lL_c	prunelL_c	rate_priorlL_c	clado_priorlL_c	_rf1_l_s	_rf1_g_s	_rf12_sw_s	_rf2_l_s	_rf2_g_d	_rf2_g_s	switch_rf1_l_s	switch_rf1_g_s	switch_rf12_sw_s	switch_rf2_l_s	switch_rf2_g_d	switch_rf2_g_s	split	sub	equal	switch_split	switch_sub	switch_equal	AR_rf1_l_s	AR_rf1_g_s	AR_rf12_sw_s	AR_rf2_l_s	AR_rf2_g_d	AR_rf2_g_s	AR_switch_rf1_l_s	AR_switch_rf1_g_s	AR_switch_rf12_sw_s	AR_switch_rf2_l_s	AR_switch_rf2_g_d	AR_switch_rf2_g_s	AR_clado_split_prob	AR_clado_sub_prob	AR_clado_equal_prob	AR_switch_clado_split_prob	AR_switch_clado_sub_prob	AR_switch_clado_equal_prob
0	-377.4113	-373.1924	-4.2189	0.0	1.46753	0.65431	0.10297	1.16187	0.59788	0.20434	1.0	1.0	1.0	1.0	1.0	1.0	0.3657	0.5199	0.1144	1.0	1.0	1.0	NaN	NaN	NaN	NaN	NaN	NaN	NaN	NaN	NaN	NaN	NaN	NaN	NaN	NaN	NaN	NaN	NaN	NaN
10	-315.6552	-307.7114	-7.3056	0.0	2.03105	0.68379	0.10297	2.39426	0.31582	0.20434	1.0	1.0	1.0	1.0	1.0	1.0	0.3657	0.54757	0.08673	1.0	1.0	1.0	0.5	1.0	0.0	0.5	1.0	NaN	NaN	NaN	NaN	NaN	NaN	NaN	NaN	0.667	0.667	NaN	NaN	NaN
20	-289.1038	-278.1477	-10.8056	0.0	4.18692	0.43454	0.04475	2.39426	0.31582	0.10595	1.0	1.0	1.0	1.0	1.0	1.0	0.31461	0.62237	0.06302	1.0	1.0	1.0	0.667	1.0	0.667	0.333	1.0	1.0	NaN	NaN	NaN	NaN	NaN	NaN	0.5	0.6	0.571	NaN	NaN	NaN
30	-288.3029	-276.0903	-12.5895	0.0	4.08393	0.43454	0.0221	3.49014	0.31582	0.02766	1.0	1.0	1.0	1.0	1.0	1.0	0.30386	0.62237	0.07378	1.0	1.0	1.0	0.5	1.0	0.75	0.5	1.0	1.0	0.0	NaN	NaN	NaN	NaN	NaN	0.75	0.6	0.667	NaN	NaN	NaN
40	-286.9809	-277.2723	-9.1029	0.0	4.08393	0.32656	0.0	1.90456	0.31582	0.0	1.0	1.0	0.0	1.0	1.0	0.0	0.32287	0.62237	0.05476	1.0	1.0	1.0	0.5	1.0	0.6	0.6	1.0	0.75	0.0	NaN	1.0	NaN	0.0	1.0	0.833	0.5	0.667	NaN	NaN	NaN
50	-288.1029	-279.6082	-9.4946	0.0	4.08393	0.32656	0.0	1.90456	0.31582	0.19589	1.0	1.0	0.0	1.0	1.0	1.0	0.32287	0.62237	0.05476	1.0	1.0	1.0	0.375	1.0	0.429	0.5	1.0	0.6	0.0	NaN	1.0	NaN	0.0	1.0	0.556	0.5	0.533	NaN	NaN	NaN
60	-253.5273	-244.814	-8.6706	0.0	3.85165	0.32656	0.0	2.06587	0.0	0.17064	1.0	1.0	0.0	1.0	0.0	1.0	0.30937	0.67291	0.01772	1.0	1.0	1.0	0.444	1.0	0.375	0.625	0.5	0.667	0.0	NaN	1.0	NaN	0.5	1.0	0.545	0.571	0.556	NaN	NaN	NaN
70	-244.1555	-234.6532	-9.3186	0.0	3.85165	0.6506	0.0	2.06587	0.0	0.17064	1.0	1.0	0.0	1.0	0.0	1.0	0.2858	0.56004	0.15417	1.0	1.0	1.0	0.4	1.0	0.375	0.556	0.333	0.667	0.0	0.0	1.0	NaN	0.5	0.667	0.583	0.556	0.571	NaN	NaN	NaN
80	-244.4921	-235.0418	-9.539	0.0	3.85165	0.76078	0.0	2.06587	0.0	0.17064	1.0	1.0	0.0	1.0	0.0	1.0	0.31229	0.51163	0.17608	1.0	1.0	1.0	0.333	1.0	0.375	0.5	0.333	0.667	0.0	0.0	1.0	NaN	0.5	0.667	0.533	0.636	0.577	NaN	NaN	NaN
90	-244.6646	-235.0378	-9.539	0.0	3.85165	0.76078	0.0	2.06587	0.0	0.17064	1.0	1.0	0.0	1.0	0.0	1.0	0.28602	0.56243	0.15154	1.0	1.0	1.0	0.308	1.0	0.375	0.5	0.143	0.667	0.0	0.0	1.0	0.0	0.5	0.667	0.562	0.692	0.621	NaN	NaN	NaN
100	-244.3011	-234.8432	-9.2354	0.0	3.85165	0.60897	0.0	2.06587	0.0	0.17064	1.0	1.0	0.0	1.0	0.0	1.0	0.28602	0.68494	0.02904	1.0	1.0	1.0	0.286	1.0	0.25	0.5	0.125	0.667	0.0	0.0	1.0	0.0	0.5	0.667	0.562	0.688	0.625	NaN	NaN	NaN
110	-244.1761	-234.8267	-9.2354	0.0	3.85165	0.60897	0.0	2.06587	0.0	0.17064	1.0	1.0	0.0	1.0	0.0	1.0	0.26235	0.6262	0.11145	1.0	1.0	1.0	0.286	1.0	0.25	0.455	0.125	0.667	0.0	0.0	1.0	0.0	0.333	0.5	0.6	0.632	0.615	NaN	NaN	NaN
120	-242.4271	-233.7023	-8.7963	0.0	3.85165	0.60897	0.0	1.84633	0.0	0.17064	1.0	1.0	0.0	1.0	0.0	1.0	0.24974	0.6262	0.12406	1.0	1.0	1.0	0.267	0.875	0.25	0.5	0.125	0.5	0.0	0.0	1.0	0.0	0.333	0.5	0.667	0.632	0.651	NaN	NaN	NaN
130	-235.1054	-227.9929	-7.0567	0.0	3.85165	0.60897	0.0	0.97656	0.0	0.17064	1.0	1.0	0.0	1.0	0.0	1.0	0.27977	0.59339	0.12684	1.0	1.0	1.0	0.25	0.875	0.25	0.538	0.111	0.5	0.0	0.0	0.5	0.0	0.333	0.4	0.692	0.667	0.681	NaN	NaN	NaN
140	-232.2974	-225.7504	-6.5328	0.0	3.85165	0.60897	0.0	0.7146	0.0	0.17064	1.0	1.0	0.0	1.0	0.0	1.0	0.25496	0.65413	0.09091	1.0	1.0	1.0	0.25	0.778	0.25	0.533	0.091	0.5	0.0	0.0	0.333	0.0	0.333	0.4	0.714	0.696	0.706	NaN	NaN	NaN
150	-229.8858	-223.5335	-6.6522	0.0	3.85165	0.60897	0.0	0.7146	0.0	0.23031	1.0	1.0	0.0	1.0	0.0	1.0	0.21031	0.65413	0.13556	1.0	1.0	1.0	0.235	0.7	0.214	0.533	0.077	0.556	0.0	0.0	0.25	0.0	0.333	0.4	0.724	0.696	0.712	NaN	NaN	NaN
160	-231.8921	-224.9733	-6.8556	0.0	3.85165	0.60897	0.0	0.67244	0.0	0.37417	1.0	1.0	0.0	1.0	0.0	1.0	0.21483	0.49566	0.28951	1.0	1.0	1.0	0.235	0.636	0.214	0.562	0.071	0.6	0.0	0.0	0.25	0.0	0.333	0.333	0.733	0.741	0.737	NaN	NaN	NaN
170	-227.914	-221.5613	-6.408	0.0	3.85165	0.38519	0.0	0.67244	0.0	0.37417	1.0	1.0	0.0	1.0	0.0	1.0	0.17891	0.55692	0.26417	1.0	1.0	1.0	0.235	0.643	0.214	0.562	0.062	0.6	0.0	0.0	0.25	0.0	0.333	0.333	0.758	0.759	0.758	NaN	NaN	NaN
180	-227.0188	-220.556	-6.0845	0.0	3.85165	0.48954	0.0	0.46063	0.0	0.31987	1.0	1.0	0.0	1.0	0.0	1.0	0.17891	0.55692	0.26417	1.0	1.0	1.0	0.211	0.625	0.2	0.588	0.059	0.583	0.0	0.0	0.25	0.0	0.333	0.333	0.758	0.759	0.758	NaN	NaN	NaN
190	-226.583	-220.5486	-6.0845	0.0	3.85165	0.48954	0.0	0.46063	0.0	0.31987	1.0	1.0	0.0	1.0	0.0	1.0	0.15726	0.58555	0.25719	1.0	1.0	1.0	0.2	0.625	0.188	0.556	0.056	0.583	0.0	0.0	0.25	0.0	0.25	0.333	0.771	0.767	0.769	NaN	NaN	NaN
200	-225.8024	-220.6814	-4.9665	0.0	3.3525	0.48954	0.0	0.46063	0.0	0.26001	1.0	1.0	0.0	1.0	0.0	1.0	0.13475	0.50938	0.35587	1.0	1.0	1.0	0.208	0.588	0.176	0.556	0.056	0.571	0.0	0.0	0.25	0.0	0.25	0.333	0.778	0.774	0.776	NaN	NaN	NaN
210	-225.0226	-220.3679	-4.8413	0.0	3.3525	0.48954	0.0	0.39805	0.0	0.26001	1.0	1.0	0.0	1.0	0.0	1.0	0.16498	0.46039	0.37463	1.0	1.0	1.0	0.208	0.556	0.158	0.579	0.056	0.533	0.0	0.0	0.25	0.0	0.25	0.333	0.795	0.788	0.792	NaN	NaN	NaN
220	-224.8648	-220.1761	-4.7894	0.0	3.3525	0.46359	0.0	0.39805	0.0	0.26001	1.0	1.0	0.0	1.0	0.0	1.0	0.19812	0.50918	0.2927	1.0	1.0	1.0	0.2	0.579	0.158	0.524	0.053	0.5	0.0	0.0	0.2	0.0	0.25	0.333	0.78	0.794	0.787	NaN	NaN	NaN
230	-225.5723	-220.6915	-4.7081	0.0	3.3525	0.46359	0.0	0.39805	0.0	0.21935	1.0	1.0	0.0	1.0	0.0	1.0	0.23824	0.56118	0.20057	1.0	1.0	1.0	0.179	0.524	0.158	0.5	0.053	0.556	0.0	0.0	0.2	0.0	0.25	0.333	0.786	0.8	0.792	NaN	NaN	NaN
240	-225.3659	-220.4583	-4.7081	0.0	3.3525	0.46359	0.0	0.39805	0.0	0.21935	1.0	1.0	0.0	1.0	0.0	1.0	0.17284	0.56845	0.25871	1.0	1.0	1.0	0.161	0.524	0.143	0.5	0.053	0.556	0.0	0.0	0.167	0.0	0.25	0.333	0.8	0.806	0.802	NaN	NaN	NaN
250	-225.1196	-220.5523	-4.7081	0.0	3.3525	0.46359	0.0	0.39805	0.0	0.21935	1.0	1.0	0.0	1.0	0.0	1.0	0.12882	0.65436	0.21682	1.0	1.0	1.0	0.161	0.5	0.13	0.5	0.048	0.526	0.0	0.0	0.167	0.0	0.25	0.333	0.809	0.811	0.81	NaN	NaN	NaN
260	-224.7791	-220.7783	-3.9809	0.0	2.9889	0.46359	0.0	0.39805	0.0	0.21935	1.0	1.0	0.0	1.0	0.0	1.0	0.13106	0.58756	0.28138	1.0	1.0	1.0	0.182	0.5	0.12	0.5	0.048	0.526	0.0	0.0	0.143	0.0	0.2	0.333	0.812	0.825	0.818	NaN	NaN	NaN
270	-226.3108	-222.3603	-3.9262	0.0	2.9889	0.49376	0.0	0.39805	0.0	0.16185	1.0	1.0	0.0	1.0	0.0	1.0	0.12792	0.58756	0.28452	1.0	1.0	1.0	0.176	0.5	0.115	0.5	0.048	0.524	0.0	0.0	0.143	0.0	0.2	0.333	0.816	0.825	0.82	NaN	NaN	NaN
280	-230.8895	-226.6718	-4.6962	0.0	2.9889	0.49376	0.0	0.78304	0.0	0.16185	1.0	1.0	0.0	1.0	0.0	1.0	0.10566	0.61697	0.27737	1.0	1.0	1.0	0.167	0.5	0.111	0.542	0.045	0.524	0.0	0.0	0.143	0.0	0.2	0.333	0.804	0.81	0.806	NaN	NaN	NaN
290	-231.4022	-226.8166	-4.6962	0.0	2.9889	0.49376	0.0	0.78304	0.0	0.16185	1.0	1.0	0.0	1.0	0.0	1.0	0.12478	0.71654	0.15867	1.0	1.0	1.0	0.162	0.464	0.111	0.52	0.045	0.524	0.0	0.0	0.143	0.0	0.2	0.333	0.811	0.783	0.798	NaN	NaN	NaN
300	-226.6549	-223.4169	-3.2365	0.0	2.31548	0.35937	0.0	0.78304	0.0	0.2398	1.0	1.0	0.0	1.0	0.0	1.0	0.12459	0.65032	0.22509	1.0	1.0	1.0	0.184	0.483	0.1	0.52	0.043	0.545	0.0	0.0	0.143	0.0	0.2	0.286	0.815	0.787	0.802	NaN	NaN	NaN
310	-226.4792	-223.3618	-3.2365	0.0	2.31548	0.35937	0.0	0.78304	0.0	0.2398	1.0	1.0	0.0	1.0	0.0	1.0	0.15978	0.54264	0.29758	1.0	1.0	1.0	0.179	0.452	0.094	0.52	0.043	0.545	0.0	0.0	0.143	0.0	0.2	0.286	0.821	0.8	0.811	NaN	NaN	NaN
320	-223.9909	-221.2783	-2.5322	0.0	2.31548	0.34769	0.0	0.47191	0.0	0.21047	1.0	1.0	0.0	1.0	0.0	1.0	0.13339	0.62246	0.24415	1.0	1.0	1.0	0.171	0.469	0.094	0.538	0.043	0.565	0.0	0.0	0.143	0.0	0.167	0.25	0.828	0.804	0.817	NaN	NaN	NaN
330	-223.9314	-221.5551	-2.4346	0.0	2.31548	0.29888	0.0	0.47191	0.0	0.21047	1.0	1.0	0.0	1.0	0.0	1.0	0.13339	0.65981	0.2068	1.0	1.0	1.0	0.171	0.486	0.091	0.538	0.043	0.542	0.0	0.0	0.125	0.0	0.167	0.25	0.828	0.792	0.811	NaN	NaN	NaN
340	-222.7202	-220.7561	-2.1048	0.0	2.31548	0.35876	0.0	0.24712	0.0	0.21047	1.0	1.0	0.0	1.0	0.0	1.0	0.09943	0.75942	0.14115	1.0	1.0	1.0	0.167	0.5	0.091	0.536	0.043	0.542	0.0	0.0	0.125	0.0	0.167	0.25	0.833	0.796	0.816	NaN	NaN	NaN
350	-221.3259	-220.1841	-0.9065	0.0	1.8793	0.24761	0.0	0.19532	0.0	0.21047	1.0	1.0	0.0	1.0	0.0	1.0	0.12762	0.75942	0.11296	1.0	1.0	1.0	0.182	0.513	0.091	0.552	0.043	0.5	0.0	0.0	0.125	0.0	0.167	0.25	0.844	0.796	0.822	NaN	NaN	NaN
360	-221.0522	-220.1117	-0.8829	0.0	1.8793	0.24761	0.0	0.19532	0.0	0.19867	1.0	1.0	0.0	1.0	0.0	1.0	0.11745	0.74991	0.13264	1.0	1.0	1.0	0.178	0.5	0.088	0.552	0.043	0.483	0.0	0.0	0.125	0.0	0.167	0.25	0.846	0.786	0.818	NaN	NaN	NaN
370	-224.832	-223.6651	-0.6973	0.0	1.8793	0.15481	0.0	0.19532	0.0	0.19867	1.0	1.0	0.0	1.0	0.0	1.0	0.11745	0.74991	0.13264	1.0	1.0	1.0	0.178	0.512	0.086	0.552	0.04	0.452	0.0	0.0	0.125	0.0	0.167	0.222	0.846	0.772	0.811	NaN	NaN	NaN
380	-221.3252	-220.6914	-0.5175	0.0	1.8793	0.15481	0.0	0.10543	0.0	0.19867	1.0	1.0	0.0	1.0	0.0	1.0	0.11745	0.59612	0.28642	1.0	1.0	1.0	0.178	0.512	0.083	0.581	0.038	0.424	0.0	0.0	0.125	0.0	0.167	0.222	0.846	0.767	0.808	NaN	NaN	NaN
390	-218.1667	-219.1323	1.2311	0.0	1.08359	0.11872	0.0	0.10543	0.0	0.15616	1.0	1.0	0.0	1.0	0.0	1.0	0.12109	0.58162	0.29729	1.0	1.0	1.0	0.191	0.524	0.083	0.581	0.038	0.429	0.0	0.0	0.125	0.0	0.167	0.2	0.848	0.77	0.811	NaN	NaN	NaN
400	-216.5034	-217.507	1.1692	0.0	1.08359	0.11872	0.0	0.13639	0.0	0.15616	1.0	1.0	0.0	1.0	0.0	1.0	0.0994	0.44394	0.45666	1.0	1.0	1.0	0.191	0.512	0.081	0.576	0.038	0.417	0.0	0.0	0.125	0.0	0.167	0.2	0.851	0.769	0.811	NaN	NaN	NaN
410	-216.4014	-217.6504	1.1484	0.0	1.08359	0.11254	0.0	0.13639	0.0	0.1727	1.0	1.0	0.0	1.0	0.0	1.0	0.10399	0.47996	0.41605	1.0	1.0	1.0	0.191	0.511	0.079	0.576	0.037	0.41	0.0	0.0	0.125	0.0	0.167	0.2	0.853	0.773	0.813	NaN	NaN	NaN
420	-216.159	-217.1091	1.065	0.0	1.08359	0.11254	0.0	0.13639	0.0	0.21444	1.0	1.0	0.0	1.0	0.0	1.0	0.08553	0.47996	0.43451	1.0	1.0	1.0	0.191	0.511	0.077	0.559	0.037	0.442	0.0	0.0	0.125	0.0	0.143	0.2	0.857	0.761	0.81	NaN	NaN	NaN
430	-215.4678	-216.7574	1.5966	0.0	0.84752	0.08279	0.0	0.13639	0.0	0.21444	1.0	1.0	0.0	1.0	0.0	1.0	0.08791	0.49492	0.41717	1.0	1.0	1.0	0.204	0.522	0.077	0.559	0.034	0.442	0.0	0.0	0.125	0.0	0.143	0.2	0.859	0.768	0.814	NaN	NaN	NaN
440	-214.656	-216.346	1.6432	0.0	0.82421	0.08279	0.0	0.13639	0.0	0.21444	1.0	1.0	0.0	1.0	0.0	1.0	0.08791	0.46535	0.44674	1.0	1.0	1.0	0.216	0.511	0.075	0.559	0.032	0.432	0.0	0.0	0.125	0.0	0.143	0.182	0.859	0.775	0.817	NaN	NaN	NaN
450	-214.1583	-215.9851	1.6432	0.0	0.82421	0.08279	0.0	0.13639	0.0	0.21444	1.0	1.0	0.0	1.0	0.0	1.0	0.09144	0.41809	0.49047	1.0	1.0	1.0	0.212	0.511	0.073	0.559	0.031	0.432	0.0	0.0	0.111	0.0	0.143	0.167	0.851	0.767	0.81	NaN	NaN	NaN
460	-214.4912	-216.02	1.648	0.0	0.82421	0.08279	0.0	0.13639	0.0	0.21205	1.0	1.0	0.0	1.0	0.0	1.0	0.09905	0.41809	0.48286	1.0	1.0	1.0	0.212	0.511	0.07	0.559	0.031	0.426	0.0	0.0	0.1	0.0	0.143	0.167	0.855	0.767	0.812	NaN	NaN	NaN
470	-216.3677	-218.002	1.8314	0.0	0.82421	0.08279	0.0	0.08347	0.0	0.17329	1.0	1.0	0.0	1.0	0.0	1.0	0.09095	0.416	0.49304	1.0	1.0	1.0	0.212	0.5	0.068	0.571	0.031	0.449	0.0	0.0	0.1	0.0	0.143	0.154	0.857	0.773	0.816	NaN	NaN	NaN
480	-213.2187	-214.6773	1.7344	0.0	0.71517	0.08279	0.0	0.17417	0.0	0.2401	1.0	1.0	0.0	1.0	0.0	1.0	0.09095	0.37994	0.52911	1.0	1.0	1.0	0.241	0.49	0.067	0.568	0.03	0.451	0.0	0.0	0.1	0.0	0.143	0.154	0.857	0.776	0.817	NaN	NaN	NaN
490	-214.0577	-215.3694	1.1851	0.0	0.71517	0.08279	0.0	0.28928	0.0	0.39965	1.0	1.0	0.0	1.0	0.0	1.0	0.10322	0.37363	0.52315	1.0	1.0	1.0	0.241	0.48	0.065	0.564	0.03	0.462	0.0	0.0	0.1	0.0	0.143	0.154	0.859	0.785	0.822	NaN	NaN	NaN
500	-214.2065	-215.4555	1.1851	0.0	0.71517	0.08279	0.0	0.28928	0.0	0.39965	1.0	1.0	0.0	1.0	0.0	1.0	0.09287	0.39828	0.50884	1.0	1.0	1.0	0.236	0.471	0.065	0.55	0.03	0.453	0.0	0.0	0.1	0.0	0.143	0.154	0.867	0.788	0.828	NaN	NaN	NaN
510	-213.2705	-214.5419	1.019	0.0	0.71517	0.08279	0.0	0.37233	0.0	0.39965	1.0	1.0	0.0	1.0	0.0	1.0	0.0969	0.30232	0.60079	1.0	1.0	1.0	0.236	0.462	0.062	0.548	0.029	0.444	0.0	0.0	0.1	0.0	0.143	0.154	0.869	0.793	0.831	NaN	NaN	NaN
520	-213.3269	-214.3891	1.019	0.0	0.71517	0.08279	0.0	0.37233	0.0	0.39965	1.0	1.0	0.0	1.0	0.0	1.0	0.09801	0.27498	0.62701	1.0	1.0	1.0	0.236	0.462	0.061	0.535	0.029	0.444	0.0	0.0	0.1	0.0	0.143	0.154	0.865	0.798	0.832	NaN	NaN	NaN
530	-212.2431	-213.887	1.6481	0.0	0.71218	0.08279	0.0	0.19694	0.0	0.26348	1.0	1.0	0.0	1.0	0.0	1.0	0.09801	0.27498	0.62701	1.0	1.0	1.0	0.25	0.453	0.06	0.545	0.028	0.455	0.0	0.0	0.1	0.0	0.143	0.154	0.865	0.798	0.832	NaN	NaN	NaN
540	-211.5779	-213.6467	1.6868	0.0	0.60122	0.08279	0.0	0.28857	0.0	0.26348	1.0	1.0	0.0	1.0	0.0	1.0	0.11095	0.31652	0.57254	1.0	1.0	1.0	0.254	0.453	0.058	0.556	0.028	0.446	0.0	0.0	0.1	0.0	0.143	0.154	0.867	0.8	0.834	NaN	NaN	NaN
550	-211.7761	-213.6016	1.6323	0.0	0.60122	0.08279	0.0	0.31583	0.0	0.26348	1.0	1.0	0.0	1.0	0.0	1.0	0.13459	0.28239	0.58301	1.0	1.0	1.0	0.254	0.453	0.057	0.565	0.026	0.439	0.0	0.0	0.1	0.0	0.125	0.154	0.859	0.802	0.831	NaN	NaN	NaN
560	-211.7761	-213.6016	1.6323	0.0	0.60122	0.08279	0.0	0.31583	0.0	0.26348	1.0	1.0	0.0	1.0	0.0	1.0	0.13459	0.28239	0.58301	1.0	1.0	1.0	0.25	0.429	0.057	0.553	0.024	0.431	0.0	0.0	0.1	0.0	0.125	0.154	0.859	0.802	0.831	NaN	NaN	NaN
570	-215.3744	-215.9071	1.2019	0.0	0.9705	0.08279	0.0	0.16175	0.0	0.26348	1.0	1.0	0.0	1.0	0.0	1.0	0.13459	0.29898	0.56642	1.0	1.0	1.0	0.258	0.421	0.056	0.562	0.024	0.431	0.0	0.0	0.1	0.0	0.111	0.154	0.859	0.795	0.828	NaN	NaN	NaN
580	-215.5427	-216.4536	1.0301	0.0	0.9705	0.08279	0.0	0.16175	0.0	0.34936	1.0	1.0	0.0	1.0	0.0	1.0	0.12759	0.25073	0.62168	1.0	1.0	1.0	0.254	0.421	0.054	0.562	0.024	0.441	0.0	0.0	0.1	0.0	0.111	0.154	0.863	0.798	0.832	NaN	NaN	NaN
590	-214.3504	-215.6988	1.1972	0.0	0.9705	0.08279	0.0	0.16175	0.0	0.26579	1.0	1.0	0.0	1.0	0.0	1.0	0.15	0.25771	0.59228	1.0	1.0	1.0	0.25	0.421	0.052	0.562	0.024	0.45	0.0	0.0	0.091	0.0	0.111	0.154	0.867	0.8	0.835	NaN	NaN	NaN
600	-214.5692	-215.8426	1.1972	0.0	0.9705	0.08279	0.0	0.16175	0.0	0.26579	1.0	1.0	0.0	1.0	0.0	1.0	0.15	0.27811	0.57189	1.0	1.0	1.0	0.246	0.421	0.048	0.551	0.023	0.443	0.0	0.0	0.091	0.0	0.111	0.154	0.859	0.802	0.832	NaN	NaN	NaN
610	-214.695	-215.9872	1.162	0.0	0.9705	0.08279	0.0	0.17936	0.0	0.26579	1.0	1.0	0.0	1.0	0.0	1.0	0.13838	0.31676	0.54486	1.0	1.0	1.0	0.242	0.421	0.048	0.558	0.023	0.443	0.0	0.0	0.091	0.0	0.1	0.154	0.86	0.796	0.829	NaN	NaN	NaN
620	-214.6841	-215.6562	1.162	0.0	0.9705	0.08279	0.0	0.17936	0.0	0.26579	1.0	1.0	0.0	1.0	0.0	1.0	0.11445	0.29424	0.59131	1.0	1.0	1.0	0.242	0.407	0.047	0.558	0.022	0.443	0.0	0.0	0.083	0.0	0.1	0.154	0.861	0.789	0.827	NaN	NaN	NaN
630	-214.6386	-215.6467	1.2036	0.0	0.9705	0.08279	0.0	0.15855	0.0	0.26579	1.0	1.0	0.0	1.0	0.0	1.0	0.09412	0.28091	0.62497	1.0	1.0	1.0	0.235	0.4	0.045	0.556	0.022	0.443	0.0	0.0	0.083	0.0	0.1	0.154	0.863	0.792	0.828	NaN	NaN	NaN
640	-214.4704	-215.6445	1.2392	0.0	0.9705	0.08279	0.0	0.15855	0.0	0.248	1.0	1.0	0.0	1.0	0.0	1.0	0.08828	0.28241	0.62931	1.0	1.0	1.0	0.235	0.393	0.045	0.545	0.022	0.453	0.0	0.0	0.083	0.0	0.1	0.143	0.867	0.794	0.832	NaN	NaN	NaN
650	-214.7664	-216.2026	1.2512	0.0	0.9705	0.07637	0.0	0.15855	0.0	0.24842	1.0	1.0	0.0	1.0	0.0	1.0	0.08535	0.29668	0.61797	1.0	1.0	1.0	0.235	0.403	0.044	0.545	0.021	0.455	0.0	0.0	0.083	0.0	0.1	0.143	0.868	0.798	0.834	NaN	NaN	NaN
660	-215.2423	-216.2972	1.1185	0.0	0.9705	0.10557	0.0	0.15855	0.0	0.28558	1.0	1.0	0.0	1.0	0.0	1.0	0.08009	0.26516	0.65475	1.0	1.0	1.0	0.229	0.413	0.043	0.545	0.02	0.456	0.0	0.0	0.083	0.0	0.1	0.143	0.869	0.8	0.836	NaN	NaN	NaN
670	-214.1753	-215.0644	0.8442	0.0	0.9705	0.10557	0.0	0.29567	0.0	0.28558	1.0	1.0	0.0	1.0	0.0	1.0	0.08376	0.26673	0.64951	1.0	1.0	1.0	0.225	0.413	0.043	0.533	0.02	0.449	0.0	0.0	0.083	0.0	0.1	0.143	0.87	0.802	0.837	NaN	NaN	NaN
680	-213.806	-214.6823	0.8354	0.0	0.9705	0.10998	0.0	0.29567	0.0	0.28558	1.0	1.0	0.0	1.0	0.0	1.0	0.0828	0.19134	0.72586	1.0	1.0	1.0	0.225	0.422	0.043	0.516	0.02	0.449	0.0	0.0	0.083	0.0	0.1	0.143	0.873	0.808	0.841	NaN	NaN	NaN
690	-213.9134	-214.6604	0.9098	0.0	0.9705	0.10998	0.0	0.29567	0.0	0.24838	1.0	1.0	0.0	1.0	0.0	1.0	0.06045	0.18093	0.75862	1.0	1.0	1.0	0.222	0.409	0.043	0.516	0.02	0.458	0.0	0.0	0.083	0.0	0.1	0.143	0.875	0.81	0.843	NaN	NaN	NaN
700	-213.728	-214.6718	0.9098	0.0	0.9705	0.10998	0.0	0.29567	0.0	0.24838	1.0	1.0	0.0	1.0	0.0	1.0	0.06253	0.18093	0.75653	1.0	1.0	1.0	0.222	0.397	0.041	0.516	0.02	0.452	0.0	0.0	0.083	0.0	0.1	0.133	0.876	0.81	0.844	NaN	NaN	NaN
710	-213.6032	-214.8772	1.6265	0.0	0.68594	0.10998	0.0	0.29567	0.0	0.17459	1.0	1.0	0.0	1.0	0.0	1.0	0.06253	0.15934	0.77813	1.0	1.0	1.0	0.233	0.386	0.041	0.516	0.02	0.453	0.0	0.0	0.077	0.0	0.1	0.133	0.876	0.811	0.845	NaN	NaN	NaN
720	-211.3416	-213.3031	1.8052	0.0	0.68594	0.08227	0.0	0.23404	0.0	0.17459	1.0	1.0	0.0	1.0	0.0	1.0	0.06343	0.13572	0.80085	1.0	1.0	1.0	0.233	0.394	0.041	0.531	0.019	0.453	0.0	0.0	0.077	0.0	0.1	0.125	0.877	0.815	0.847	NaN	NaN	NaN
730	-210.9991	-213.0519	1.9165	0.0	0.68594	0.08227	0.0	0.17903	0.0	0.17393	1.0	1.0	0.0	1.0	0.0	1.0	0.06343	0.14655	0.79003	1.0	1.0	1.0	0.233	0.389	0.04	0.545	0.019	0.456	0.0	0.0	0.077	0.0	0.1	0.125	0.877	0.818	0.848	NaN	NaN	NaN
740	-211.5993	-213.2925	1.8331	0.0	0.72766	0.08227	0.0	0.17903	0.0	0.17393	1.0	1.0	0.0	1.0	0.0	1.0	0.06055	0.13287	0.80658	1.0	1.0	1.0	0.24	0.389	0.038	0.537	0.019	0.456	0.0	0.0	0.077	0.0	0.1	0.118	0.879	0.82	0.85	NaN	NaN	NaN
750	-211.3944	-213.0607	1.7115	0.0	0.72766	0.08227	0.0	0.17903	0.0	0.23472	1.0	1.0	0.0	1.0	0.0	1.0	0.06093	0.12891	0.81016	1.0	1.0	1.0	0.237	0.389	0.038	0.537	0.019	0.451	0.0	0.0	0.077	0.0	0.1	0.118	0.88	0.816	0.848	NaN	NaN	NaN
760	-212.6607	-214.0456	1.2749	0.0	0.87558	0.08227	0.0	0.24943	0.0	0.23472	1.0	1.0	0.0	1.0	0.0	1.0	0.05657	0.12936	0.81408	1.0	1.0	1.0	0.247	0.384	0.038	0.536	0.019	0.446	0.0	0.0	0.077	0.0	0.1	0.118	0.883	0.817	0.851	NaN	NaN	NaN
770	-208.5651	-211.1305	2.4018	0.0	0.28152	0.05511	0.0	0.24943	0.0	0.29248	1.0	1.0	0.0	1.0	0.0	1.0	0.05954	0.15234	0.78812	1.0	1.0	1.0	0.266	0.4	0.038	0.536	0.019	0.447	0.0	0.0	0.077	0.0	0.1	0.118	0.884	0.819	0.852	NaN	NaN	NaN
780	-208.5479	-211.1031	1.8972	0.0	0.54357	0.05511	0.0	0.23968	0.0	0.29248	1.0	1.0	0.0	1.0	0.0	1.0	0.05981	0.20887	0.73132	1.0	1.0	1.0	0.268	0.395	0.038	0.543	0.019	0.442	0.0	0.0	0.077	0.0	0.1	0.111	0.885	0.822	0.854	NaN	NaN	NaN
790	-209.4005	-211.1698	1.8589	0.0	0.54357	0.06201	0.0	0.25192	0.0	0.29248	1.0	1.0	0.0	1.0	0.0	1.0	0.05981	0.20665	0.73354	1.0	1.0	1.0	0.262	0.403	0.037	0.549	0.019	0.442	0.0	0.0	0.077	0.0	0.1	0.111	0.878	0.825	0.852	NaN	NaN	NaN
800	-209.3858	-211.3624	1.8589	0.0	0.54357	0.06201	0.0	0.25192	0.0	0.29248	1.0	1.0	0.0	1.0	0.0	1.0	0.05811	0.2336	0.70829	1.0	1.0	1.0	0.262	0.397	0.036	0.542	0.019	0.437	0.0	0.0	0.077	0.0	0.091	0.111	0.88	0.826	0.854	NaN	NaN	NaN
810	-208.6022	-210.2633	1.8491	0.0	0.45043	0.04734	0.0	0.36464	0.0	0.29248	1.0	1.0	0.0	1.0	0.0	1.0	0.04997	0.2336	0.71643	1.0	1.0	1.0	0.267	0.4	0.035	0.548	0.019	0.437	0.0	0.0	0.077	0.0	0.091	0.105	0.882	0.82	0.851	NaN	NaN	NaN
820	-208.6622	-210.2204	1.822	0.0	0.46691	0.04734	0.0	0.28011	0.0	0.37408	1.0	1.0	0.0	1.0	0.0	1.0	0.04659	0.2336	0.71981	1.0	1.0	1.0	0.273	0.395	0.034	0.554	0.018	0.443	0.0	0.0	0.077	0.0	0.091	0.105	0.883	0.82	0.852	NaN	NaN	NaN
830	-209.376	-211.3485	1.822	0.0	0.46691	0.04734	0.0	0.28011	0.0	0.37408	1.0	1.0	0.0	1.0	0.0	1.0	0.05376	0.35883	0.58741	1.0	1.0	1.0	0.273	0.39	0.034	0.547	0.018	0.443	0.0	0.0	0.071	0.0	0.091	0.105	0.885	0.824	0.855	NaN	NaN	NaN
840	-206.5416	-209.187	2.5401	0.0	0.26632	0.04308	0.0	0.31122	0.0	0.18878	1.0	1.0	0.0	1.0	0.0	1.0	0.0697	0.35883	0.57148	1.0	1.0	1.0	0.278	0.393	0.034	0.545	0.018	0.449	0.0	0.0	0.071	0.0	0.083	0.105	0.886	0.824	0.856	NaN	NaN	NaN
850	-205.5038	-208.6228	2.119	0.0	0.26632	0.04308	0.21053	0.31122	0.0	0.18878	1.0	1.0	1.0	1.0	0.0	1.0	0.0697	0.32558	0.60472	1.0	1.0	1.0	0.278	0.393	0.033	0.538	0.018	0.444	0.0	0.0	0.133	0.0	0.083	0.1	0.886	0.827	0.857	NaN	NaN	NaN
860	-206.1493	-207.9498	1.9366	0.0	0.26632	0.03544	0.33341	0.31122	0.0	0.16476	1.0	1.0	1.0	1.0	0.0	1.0	0.0697	0.27273	0.65758	1.0	1.0	1.0	0.278	0.414	0.043	0.538	0.018	0.446	0.0	0.0	0.133	0.0	0.083	0.1	0.886	0.828	0.858	NaN	NaN	NaN
870	-203.5748	-206.2947	2.7486	0.0	0.19373	0.03544	0.0	0.31122	0.0	0.16476	1.0	1.0	0.0	1.0	0.0	1.0	0.0697	0.26503	0.66527	1.0	1.0	1.0	0.292	0.414	0.042	0.532	0.018	0.446	0.0	0.0	0.188	0.0	0.083	0.1	0.886	0.829	0.858	NaN	NaN	NaN
880	-202.38	-205.681	3.1313	0.0	0.16346	0.02549	0.0	0.1601	0.0	0.16476	1.0	1.0	0.0	1.0	0.0	1.0	0.05891	0.25494	0.68615	1.0	1.0	1.0	0.296	0.416	0.042	0.538	0.018	0.441	0.0	0.0	0.188	0.0	0.083	0.1	0.887	0.833	0.86	NaN	NaN	NaN
890	-202.6966	-205.6645	3.1313	0.0	0.16346	0.02549	0.0	0.1601	0.0	0.16476	1.0	1.0	0.0	1.0	0.0	1.0	0.04555	0.23586	0.71859	1.0	1.0	1.0	0.293	0.416	0.042	0.531	0.018	0.441	0.0	0.0	0.188	0.0	0.083	0.1	0.89	0.838	0.864	NaN	NaN	NaN
900	-202.3112	-205.4888	3.1313	0.0	0.16346	0.02549	0.0	0.1601	0.0	0.16476	1.0	1.0	0.0	1.0	0.0	1.0	0.05744	0.23051	0.71204	1.0	1.0	1.0	0.287	0.411	0.041	0.531	0.018	0.436	0.0	0.0	0.188	0.0	0.083	0.1	0.891	0.841	0.866	NaN	NaN	NaN
910	-202.1823	-205.3742	3.1313	0.0	0.16346	0.02549	0.0	0.1601	0.0	0.16476	1.0	1.0	0.0	1.0	0.0	1.0	0.06927	0.23051	0.70021	1.0	1.0	1.0	0.284	0.407	0.04	0.524	0.017	0.432	0.0	0.0	0.188	0.0	0.077	0.1	0.893	0.835	0.864	NaN	NaN	NaN
920	-201.8062	-204.987	3.1313	0.0	0.16346	0.02549	0.0	0.1601	0.0	0.16476	1.0	1.0	0.0	1.0	0.0	1.0	0.07501	0.18967	0.73532	1.0	1.0	1.0	0.279	0.402	0.04	0.524	0.017	0.423	0.0	0.0	0.188	0.0	0.077	0.1	0.895	0.836	0.866	NaN	NaN	NaN
930	-199.1891	-202.6944	2.8091	0.0	0.16346	0.02549	0.0	0.32116	0.0	0.16476	1.0	1.0	0.0	1.0	0.0	1.0	0.08287	0.13968	0.77746	1.0	1.0	1.0	0.279	0.402	0.039	0.53	0.017	0.423	0.0	0.0	0.188	0.0	0.071	0.1	0.896	0.839	0.868	NaN	NaN	NaN
940	-199.662	-201.9575	2.4949	0.0	0.16346	0.02549	0.0	0.32116	0.0	0.3219	1.0	1.0	0.0	1.0	0.0	1.0	0.06824	0.13968	0.79208	1.0	1.0	1.0	0.276	0.402	0.039	0.53	0.017	0.42	0.0	0.0	0.188	0.0	0.071	0.1	0.885	0.839	0.863	NaN	NaN	NaN
950	-198.9207	-201.5244	2.4527	0.0	0.16346	0.02549	0.0	0.43098	0.0	0.23317	1.0	1.0	0.0	1.0	0.0	1.0	0.06824	0.16244	0.76932	1.0	1.0	1.0	0.276	0.394	0.038	0.536	0.016	0.422	0.0	0.0	0.188	0.0	0.071	0.1	0.885	0.834	0.86	NaN	NaN	NaN
960	-198.9621	-201.2669	2.4527	0.0	0.16346	0.02549	0.0	0.43098	0.0	0.23317	1.0	1.0	0.0	1.0	0.0	1.0	0.04785	0.14315	0.809	1.0	1.0	1.0	0.276	0.385	0.038	0.529	0.016	0.422	0.0	0.0	0.188	0.0	0.067	0.1	0.887	0.836	0.862	NaN	NaN	NaN
970	-199.6825	-202.6013	2.8234	0.0	0.16346	0.02549	0.0	0.24563	0.0	0.23317	1.0	1.0	0.0	1.0	0.0	1.0	0.04739	0.15748	0.79513	1.0	1.0	1.0	0.274	0.385	0.038	0.517	0.016	0.413	0.0	0.0	0.188	0.0	0.067	0.1	0.888	0.837	0.863	NaN	NaN	NaN
980	-199.9609	-202.8259	2.8211	0.0	0.16346	0.02663	0.0	0.24563	0.0	0.23317	1.0	1.0	0.0	1.0	0.0	1.0	0.04739	0.1579	0.7947	1.0	1.0	1.0	0.274	0.384	0.037	0.517	0.016	0.41	0.0	0.0	0.188	0.0	0.067	0.1	0.888	0.838	0.863	NaN	NaN	NaN
990	-200.3162	-202.9869	2.8211	0.0	0.16346	0.02663	0.0	0.24563	0.0	0.23317	1.0	1.0	0.0	1.0	0.0	1.0	0.0347	0.16699	0.79831	1.0	1.0	1.0	0.271	0.376	0.037	0.511	0.016	0.41	0.0	0.0	0.188	0.0	0.067	0.1	0.89	0.84	0.865	NaN	NaN	NaN
1000	-200.213	-203.0191	2.8211	0.0	0.16346	0.02663	0.0	0.24563	0.0	0.23317	1.0	1.0	0.0	1.0	0.0	1.0	0.0378	0.17528	0.78692	1.0	1.0	1.0	0.271	0.373	0.037	0.505	0.015	0.406	0.0	0.0	0.188	0.0	0.067	0.1	0.892	0.842	0.867	NaN	NaN	NaN
iter	lL_c	prunelL_c	rate_priorlL_c	clado_priorlL_c	_rf1_l_s	_rf1_g_s	_rf12_sw_s	_rf2_l_s	_rf2_g_d	_rf2_g_s	switch_rf1_l_s	switch_rf1_g_s	switch_rf12_sw_s	switch_rf2_l_s	switch_rf2_g_d	switch_rf2_g_s	split	sub	equal	switch_split	switch_sub	switch_equal	AR_rf1_l_s	AR_rf1_g_s	AR_rf12_sw_s	AR_rf2_l_s	AR_rf2_g_d	AR_rf2_g_s	AR_switch_rf1_l_s	AR_switch_rf1_g_s	AR_switch_rf12_sw_s	AR_switch_rf2_l_s	AR_switch_rf2_g_d	AR_switch_rf2_g_s	AR_clado_split_prob	AR_clado_sub_prob	AR_clado_equal_prob	AR_switch_clado_split_prob	AR_switch_clado_sub_prob	AR_switch_clado_equal_prob
0	-616.306	-616.2555	-0.0505	0.0	0.35471	0.02465	1.15403	0.03841	0.47888	0.05399	1.0	1.0	1.0	1.0	1.0	1.0	0.9046	0.0928	0.0026	1.0	1.0	1.0	NaN	NaN	NaN	NaN	NaN	NaN	NaN	NaN	NaN	NaN	NaN	NaN	NaN	NaN	NaN	NaN	NaN	NaN
10	-560.6854	-560.5737	0.0929	0.0	0.35471	0.04356	1.15403	0.04118	0.39551	0.044	1.0	1.0	1.0	1.0	1.0	1.0	0.9046	0.0928	0.0026	1.0	1.0	1.0	0.0	1.0	NaN	0.333	0.5	0.5	NaN	NaN	NaN	NaN	NaN	NaN	NaN	0.0	0.0	NaN	NaN	NaN
20	-336.3523	-336.1637	0.3637	0.0	0.49986	0.04356	1.15403	0.04118	0.11495	0.044	1.0	1.0	1.0	1.0	1.0	1.0	0.9046	0.0928	0.0026	1.0	1.0	1.0	0.333	0.5	NaN	0.25	0.75	0.25	0.0	NaN	NaN	NaN	NaN	NaN	0.0	0.0	0.0	NaN	NaN	NaN
30	-221.2169	-222.1284	0.4997	0.0	0.49986	0.04356	1.15403	0.04118	0.0	0.09094	1.0	1.0	1.0	1.0	0.0	1.0	0.65534	0.0928	0.25186	1.0	1.0	1.0	0.333	0.5	NaN	0.25	0.75	0.429	0.0	NaN	NaN	NaN	1.0	0.0	0.5	0.0	0.429	NaN	NaN	NaN
40	-220.0988	-221.1237	0.3591	0.0	0.49986	0.04356	1.15403	0.11149	0.0	0.09094	1.0	1.0	1.0	1.0	0.0	1.0	0.57653	0.08372	0.33974	1.0	1.0	1.0	0.333	0.5	0.0	0.571	0.429	0.429	0.0	NaN	NaN	NaN	1.0	0.0	0.5	0.5	0.5	NaN	NaN	NaN
50	-217.9768	-218.4574	0.2265	0.0	0.49986	0.0458	1.15403	0.14374	0.0	0.12276	1.0	1.0	1.0	1.0	0.0	1.0	0.44515	0.08144	0.47341	1.0	1.0	1.0	0.333	0.667	0.0	0.625	0.429	0.556	0.0	NaN	NaN	NaN	1.0	0.0	0.667	0.667	0.667	NaN	NaN	NaN
60	-210.3198	-211.9741	1.7327	0.0	0.33858	0.04262	0.56541	0.14374	0.0	0.12276	1.0	1.0	1.0	1.0	0.0	1.0	0.41442	0.08144	0.50414	1.0	1.0	1.0	0.4	0.5	0.5	0.625	0.429	0.556	0.0	0.0	NaN	NaN	1.0	0.0	0.714	0.667	0.706	NaN	NaN	NaN
70	-208.6374	-210.811	2.2822	0.0	0.33858	0.04262	0.32022	0.14374	0.0	0.0932	1.0	1.0	1.0	1.0	0.0	1.0	0.4734	0.06716	0.45944	1.0	1.0	1.0	0.333	0.5	0.5	0.625	0.333	0.636	0.0	0.0	NaN	0.0	1.0	0.0	0.733	0.75	0.737	NaN	NaN	NaN
80	-208.0336	-210.6258	2.4291	0.0	0.36546	0.04262	0.21987	0.14374	0.0	0.0932	1.0	1.0	1.0	1.0	0.0	1.0	0.4734	0.07906	0.44754	1.0	1.0	1.0	0.4	0.429	0.5	0.625	0.273	0.636	0.0	0.0	NaN	0.0	1.0	0.0	0.733	0.8	0.75	NaN	NaN	NaN
90	-203.9007	-206.297	2.7687	0.0	0.24471	0.04262	0.14943	0.14374	0.0	0.11461	1.0	1.0	1.0	1.0	0.0	1.0	0.36683	0.07128	0.56189	1.0	1.0	1.0	0.462	0.429	0.5	0.556	0.273	0.667	0.0	0.0	NaN	0.0	1.0	0.0	0.765	0.833	0.783	NaN	NaN	NaN
100	-204.6874	-207.221	2.4836	0.0	0.3146	0.04262	0.14943	0.21637	0.0	0.11461	1.0	1.0	1.0	1.0	0.0	1.0	0.30061	0.0772	0.62219	1.0	1.0	1.0	0.467	0.375	0.5	0.6	0.273	0.667	0.0	0.0	NaN	0.0	0.5	0.0	0.8	0.857	0.815	NaN	NaN	NaN
110	-204.626	-207.1988	2.5672	0.0	0.3146	0.02951	0.14943	0.18769	0.0	0.11461	1.0	1.0	1.0	1.0	0.0	1.0	0.30061	0.06775	0.63164	1.0	1.0	1.0	0.467	0.5	0.455	0.667	0.231	0.615	0.0	0.0	NaN	0.0	0.5	0.0	0.8	0.889	0.828	NaN	NaN	NaN
120	-205.8786	-208.3292	2.4379	0.0	0.3146	0.02951	0.30713	0.09462	0.0	0.11461	1.0	1.0	1.0	1.0	0.0	1.0	0.32616	0.06775	0.60609	1.0	1.0	1.0	0.438	0.455	0.462	0.692	0.214	0.615	0.0	0.0	0.0	0.0	0.5	0.0	0.826	0.889	0.844	NaN	NaN	NaN
130	-205.8287	-208.3713	2.4356	0.0	0.3146	0.03066	0.30713	0.09462	0.0	0.11461	1.0	1.0	1.0	1.0	0.0	1.0	0.32259	0.0753	0.60212	1.0	1.0	1.0	0.412	0.462	0.462	0.692	0.214	0.615	0.0	0.0	0.0	0.0	0.5	0.0	0.846	0.909	0.865	NaN	NaN	NaN
140	-206.4067	-208.8236	3.0417	0.0	0.3146	0.04273	0.0529	0.09462	0.0	0.05375	1.0	1.0	1.0	1.0	0.0	1.0	0.27729	0.0753	0.64742	1.0	1.0	1.0	0.389	0.5	0.562	0.643	0.214	0.667	0.0	0.0	0.0	0.0	0.5	0.0	0.852	0.909	0.868	NaN	NaN	NaN
150	-204.7647	-208.1967	2.9803	0.0	0.3146	0.04273	0.0529	0.09462	0.0	0.08443	1.0	1.0	1.0	1.0	0.0	1.0	0.33315	0.10953	0.55733	1.0	1.0	1.0	0.389	0.467	0.562	0.6	0.2	0.688	0.0	0.0	0.0	0.0	0.5	0.0	0.828	0.857	0.837	NaN	NaN	NaN
160	-204.3406	-207.3564	3.0991	0.0	0.24808	0.04273	0.03671	0.09462	0.0	0.10774	1.0	1.0	1.0	1.0	0.0	1.0	0.25571	0.10613	0.63816	1.0	1.0	1.0	0.421	0.438	0.556	0.6	0.176	0.706	0.0	0.0	0.0	0.0	0.5	0.0	0.839	0.867	0.848	NaN	NaN	NaN
170	-204.4945	-207.5255	3.0857	0.0	0.24808	0.04273	0.03475	0.09462	0.0	0.11641	1.0	1.0	1.0	1.0	0.0	1.0	0.25571	0.09065	0.65364	1.0	1.0	1.0	0.381	0.412	0.579	0.562	0.158	0.737	0.0	0.0	0.0	0.0	0.5	0.0	0.839	0.875	0.851	NaN	NaN	NaN
180	-203.5095	-206.4003	3.1127	0.0	0.19871	0.04273	0.03475	0.13048	0.0	0.11641	1.0	1.0	1.0	1.0	0.0	1.0	0.25571	0.10246	0.64183	1.0	1.0	1.0	0.409	0.412	0.55	0.588	0.136	0.737	0.0	0.0	0.0	0.0	0.333	0.0	0.812	0.833	0.82	NaN	NaN	NaN
190	-205.6756	-208.735	2.9929	0.0	0.19871	0.04273	0.03475	0.13048	0.0	0.17635	1.0	1.0	1.0	1.0	0.0	1.0	0.27329	0.11201	0.6147	1.0	1.0	1.0	0.391	0.412	0.55	0.588	0.136	0.762	0.0	0.0	0.0	0.0	0.25	0.0	0.818	0.857	0.833	NaN	NaN	NaN
200	-204.7259	-207.6664	3.0466	0.0	0.19871	0.04273	0.03475	0.13048	0.0	0.14948	1.0	1.0	1.0	1.0	0.0	1.0	0.22953	0.12295	0.64752	1.0	1.0	1.0	0.375	0.412	0.55	0.556	0.13	0.773	0.0	0.0	0.0	0.0	0.2	0.0	0.824	0.875	0.845	NaN	NaN	NaN
210	-203.9152	-207.2252	3.0518	0.0	0.2243	0.04273	0.03419	0.13048	0.0	0.12185	1.0	1.0	1.0	1.0	0.0	1.0	0.19021	0.20798	0.60181	1.0	1.0	1.0	0.4	0.389	0.591	0.556	0.13	0.75	0.0	0.0	0.0	0.0	0.2	0.0	0.829	0.889	0.855	NaN	NaN	NaN
220	-204.8546	-207.5837	3.0716	0.0	0.2243	0.04273	0.02427	0.13048	0.0	0.12185	1.0	1.0	1.0	1.0	0.0	1.0	0.19021	0.20798	0.60181	1.0	1.0	1.0	0.4	0.368	0.583	0.526	0.125	0.72	0.0	0.0	0.0	0.0	0.2	0.0	0.829	0.828	0.828	NaN	NaN	NaN
230	-204.1934	-207.2691	3.0767	0.0	0.2243	0.03985	0.02427	0.13048	0.0	0.1222	1.0	1.0	1.0	1.0	0.0	1.0	0.16369	0.23687	0.59943	1.0	1.0	1.0	0.4	0.4	0.56	0.526	0.125	0.714	0.0	0.0	0.0	0.0	0.2	0.0	0.833	0.844	0.838	NaN	NaN	NaN
240	-203.9775	-207.2263	3.0767	0.0	0.2243	0.03985	0.02427	0.13048	0.0	0.1222	1.0	1.0	1.0	1.0	0.0	1.0	0.1363	0.23687	0.62683	1.0	1.0	1.0	0.385	0.381	0.56	0.526	0.111	0.714	0.0	0.0	0.0	0.0	0.2	0.0	0.846	0.818	0.833	NaN	NaN	NaN
250	-205.6964	-209.0464	2.9004	0.0	0.2243	0.03985	0.04304	0.13048	0.0	0.19157	1.0	1.0	1.0	1.0	0.0	1.0	0.10197	0.25266	0.64537	1.0	1.0	1.0	0.37	0.381	0.577	0.526	0.111	0.724	0.0	0.0	0.0	0.0	0.2	0.0	0.854	0.8	0.829	NaN	NaN	NaN
260	-205.3921	-208.595	2.9324	0.0	0.27974	0.05223	0.04304	0.13745	0.0	0.10078	1.0	1.0	1.0	1.0	0.0	1.0	0.08584	0.25266	0.6615	1.0	1.0	1.0	0.393	0.409	0.577	0.524	0.103	0.733	0.0	0.0	0.0	0.0	0.2	0.0	0.864	0.8	0.835	NaN	NaN	NaN
270	-207.0616	-210.1105	3.2234	0.0	0.15979	0.04852	0.0718	0.13745	0.0	0.05017	1.0	1.0	1.0	1.0	0.0	1.0	0.07209	0.25266	0.67525	1.0	1.0	1.0	0.414	0.435	0.571	0.524	0.097	0.75	0.0	0.0	0.0	0.0	0.2	0.0	0.867	0.778	0.827	NaN	NaN	NaN
280	-205.0898	-208.6326	2.8566	0.0	0.31737	0.04852	0.12168	0.11338	0.0	0.05017	1.0	1.0	1.0	1.0	0.0	1.0	0.07209	0.20743	0.72048	1.0	1.0	1.0	0.433	0.435	0.586	0.545	0.094	0.75	0.0	0.0	0.0	0.0	0.2	0.0	0.848	0.763	0.81	NaN	NaN	NaN
290	-203.5834	-206.9713	2.8571	0.0	0.27396	0.03491	0.17848	0.11338	0.0	0.05017	1.0	1.0	1.0	1.0	0.0	1.0	0.07209	0.20743	0.72048	1.0	1.0	1.0	0.469	0.44	0.6	0.5	0.094	0.75	0.0	0.0	0.0	0.0	0.2	0.0	0.83	0.763	0.8	NaN	NaN	NaN
300	-201.3685	-204.6352	2.9707	0.0	0.20022	0.03491	0.17848	0.11304	0.0	0.06745	1.0	1.0	1.0	1.0	0.0	1.0	0.07237	0.19202	0.73561	1.0	1.0	1.0	0.485	0.44	0.6	0.5	0.091	0.758	0.0	0.0	0.0	0.0	0.2	0.0	0.816	0.775	0.798	NaN	NaN	NaN
310	-202.3454	-205.0859	3.0402	0.0	0.20022	0.03491	0.17848	0.09727	0.0	0.04845	1.0	1.0	1.0	1.0	0.0	1.0	0.06319	0.17623	0.76058	1.0	1.0	1.0	0.457	0.44	0.581	0.536	0.091	0.765	0.0	0.0	0.0	0.0	0.2	0.0	0.824	0.78	0.804	NaN	NaN	NaN
320	-201.9591	-204.3823	3.0514	0.0	0.20022	0.01863	0.17848	0.09727	0.0	0.05913	1.0	1.0	1.0	1.0	0.0	1.0	0.05816	0.15494	0.7869	1.0	1.0	1.0	0.457	0.462	0.581	0.536	0.086	0.771	0.0	0.0	0.0	0.0	0.2	0.0	0.827	0.795	0.812	NaN	NaN	NaN
330	-201.9727	-205.1005	3.0957	0.0	0.20022	0.01923	0.17848	0.07452	0.0	0.05913	1.0	1.0	1.0	1.0	0.0	1.0	0.06995	0.18399	0.74606	1.0	1.0	1.0	0.457	0.448	0.581	0.548	0.083	0.771	0.0	0.0	0.0	0.0	0.2	0.0	0.83	0.8	0.816	NaN	NaN	NaN
340	-201.8571	-204.9013	2.9865	0.0	0.20022	0.01923	0.20417	0.09994	0.0	0.06264	1.0	1.0	1.0	1.0	0.0	1.0	0.06433	0.21738	0.71829	1.0	1.0	1.0	0.457	0.433	0.594	0.559	0.083	0.757	0.0	0.0	0.0	0.0	0.2	0.0	0.833	0.809	0.822	NaN	NaN	NaN
350	-202.1818	-205.369	2.4945	0.0	0.20022	0.01923	0.40814	0.10637	0.0	0.09824	1.0	1.0	1.0	1.0	0.0	1.0	0.06937	0.26429	0.66634	1.0	1.0	1.0	0.457	0.419	0.606	0.571	0.081	0.763	0.0	0.0	0.0	0.0	0.2	0.0	0.845	0.812	0.83	NaN	NaN	NaN
360	-201.6671	-204.4702	2.062	0.0	0.20022	0.01923	0.40814	0.21474	0.0	0.20611	1.0	1.0	1.0	1.0	0.0	1.0	0.06937	0.26429	0.66634	1.0	1.0	1.0	0.444	0.419	0.588	0.553	0.081	0.769	0.0	0.0	0.0	0.0	0.167	0.0	0.831	0.796	0.815	NaN	NaN	NaN
370	-200.1932	-202.2764	2.1866	0.0	0.13607	0.02106	0.40814	0.21474	0.0	0.20611	1.0	1.0	1.0	1.0	0.0	1.0	0.06937	0.24096	0.68967	1.0	1.0	1.0	0.447	0.438	0.588	0.553	0.079	0.75	0.0	0.0	0.0	0.0	0.143	0.0	0.817	0.804	0.811	NaN	NaN	NaN
380	-199.8441	-202.0539	2.1049	0.0	0.13607	0.02106	0.44902	0.21474	0.0	0.20611	1.0	1.0	1.0	1.0	0.0	1.0	0.08181	0.18763	0.73055	1.0	1.0	1.0	0.447	0.438	0.6	0.538	0.079	0.732	0.0	0.0	0.0	0.0	0.143	0.0	0.828	0.815	0.822	NaN	NaN	NaN
390	-204.7823	-206.7108	1.742	0.0	0.27349	0.02106	0.44902	0.25875	0.0	0.20611	1.0	1.0	1.0	1.0	0.0	1.0	0.08181	0.16412	0.75406	1.0	1.0	1.0	0.462	0.438	0.583	0.537	0.077	0.714	0.0	0.0	0.0	0.0	0.143	0.0	0.828	0.793	0.811	NaN	NaN	NaN
400	-201.0594	-201.6561	0.533	0.0	0.14798	0.02106	1.17903	0.25875	0.0	0.20611	1.0	1.0	1.0	1.0	0.0	1.0	0.06195	0.14105	0.797	1.0	1.0	1.0	0.475	0.438	0.605	0.524	0.077	0.698	0.0	0.0	0.0	0.0	0.143	0.0	0.838	0.797	0.819	NaN	NaN	NaN
410	-200.7319	-203.7688	3.0587	0.0	0.14798	0.02106	0.0	0.17496	0.0	0.20611	1.0	1.0	0.0	1.0	0.0	1.0	0.06597	0.13134	0.80269	1.0	1.0	1.0	0.463	0.438	0.615	0.545	0.075	0.682	0.0	0.0	0.125	0.0	0.143	0.0	0.843	0.8	0.823	NaN	NaN	NaN
420	-198.8833	-201.7653	1.8819	0.0	0.14798	0.02106	0.6587	0.17496	0.0	0.13577	1.0	1.0	1.0	1.0	0.0	1.0	0.06597	0.15655	0.77748	1.0	1.0	1.0	0.442	0.438	0.615	0.545	0.073	0.681	0.0	0.0	0.222	0.0	0.125	0.0	0.843	0.803	0.824	NaN	NaN	NaN
430	-199.4454	-202.1751	2.0165	0.0	0.13678	0.02106	0.37053	0.26576	0.0	0.27705	1.0	1.0	1.0	1.0	0.0	1.0	0.05464	0.15655	0.7888	1.0	1.0	1.0	0.455	0.424	0.625	0.574	0.071	0.688	0.0	0.0	0.222	0.0	0.125	0.0	0.845	0.803	0.826	NaN	NaN	NaN
440	-201.6655	-203.7451	2.0071	0.0	0.13678	0.02247	0.37053	0.24823	0.0	0.29787	1.0	1.0	1.0	1.0	0.0	1.0	0.05464	0.13296	0.8124	1.0	1.0	1.0	0.435	0.441	0.625	0.583	0.068	0.68	0.0	0.0	0.222	0.0	0.125	0.0	0.845	0.806	0.827	NaN	NaN	NaN
450	-201.0235	-203.6219	2.1461	0.0	0.20144	0.02247	0.23637	0.24823	0.0	0.29787	1.0	1.0	1.0	1.0	0.0	1.0	0.07167	0.17912	0.74921	1.0	1.0	1.0	0.458	0.441	0.634	0.571	0.068	0.68	0.0	0.0	0.222	0.0	0.125	0.0	0.849	0.803	0.827	NaN	NaN	NaN
460	-201.6698	-203.7527	2.1275	0.0	0.20144	0.02247	0.24567	0.24823	0.0	0.29787	1.0	1.0	1.0	1.0	0.0	1.0	0.06294	0.19566	0.74141	1.0	1.0	1.0	0.458	0.441	0.667	0.571	0.065	0.68	0.0	0.0	0.222	0.0	0.111	0.0	0.853	0.806	0.831	NaN	NaN	NaN
470	-200.7449	-203.1161	2.2122	0.0	0.14819	0.02247	0.24567	0.25916	0.0	0.29787	1.0	1.0	1.0	1.0	0.0	1.0	0.04475	0.22939	0.72586	1.0	1.0	1.0	0.49	0.429	0.667	0.569	0.065	0.68	0.0	0.0	0.222	0.0	0.111	0.0	0.857	0.809	0.834	NaN	NaN	NaN
480	-203.7922	-205.4628	1.7904	0.0	0.21961	0.02942	0.37817	0.25916	0.0	0.29787	1.0	1.0	1.0	1.0	0.0	1.0	0.03914	0.19796	0.76291	1.0	1.0	1.0	0.509	0.444	0.674	0.569	0.065	0.68	0.0	0.0	0.222	0.0	0.1	0.0	0.861	0.814	0.839	NaN	NaN	NaN
490	-203.2974	-205.3013	1.9028	0.0	0.21961	0.02942	0.32198	0.25916	0.0	0.29787	1.0	1.0	1.0	1.0	0.0	1.0	0.05297	0.19796	0.74908	1.0	1.0	1.0	0.509	0.432	0.688	0.569	0.064	0.68	0.0	0.0	0.222	0.0	0.1	0.0	0.847	0.814	0.832	NaN	NaN	NaN
500	-201.613	-203.6898	1.9378	0.0	0.20731	0.02942	0.18949	0.38646	0.0	0.29787	1.0	1.0	1.0	1.0	0.0	1.0	0.10382	0.19796	0.69823	1.0	1.0	1.0	0.519	0.432	0.694	0.577	0.062	0.667	0.0	0.0	0.222	0.0	0.1	0.0	0.844	0.814	0.831	NaN	NaN	NaN
510	-201.73	-203.5478	1.9476	0.0	0.20381	0.02942	0.22284	0.38646	0.0	0.26313	1.0	1.0	1.0	1.0	0.0	1.0	0.10382	0.18232	0.71386	1.0	1.0	1.0	0.527	0.421	0.7	0.556	0.062	0.673	0.0	0.0	0.222	0.0	0.1	0.0	0.844	0.811	0.829	NaN	NaN	NaN
520	-201.6549	-203.539	1.9801	0.0	0.20381	0.01892	0.30309	0.30046	0.0	0.26313	1.0	1.0	1.0	1.0	0.0	1.0	0.10382	0.18232	0.71386	1.0	1.0	1.0	0.518	0.436	0.706	0.561	0.06	0.66	0.0	0.0	0.222	0.0	0.1	0.0	0.844	0.811	0.829	NaN	NaN	NaN
530	-201.9832	-203.6687	1.8403	0.0	0.20381	0.01892	0.37299	0.30046	0.0	0.26313	1.0	1.0	1.0	1.0	0.0	1.0	0.10382	0.18232	0.71386	1.0	1.0	1.0	0.518	0.425	0.717	0.561	0.055	0.66	0.0	0.0	0.222	0.0	0.091	0.0	0.844	0.811	0.829	NaN	NaN	NaN
540	-202.0594	-203.9904	1.9238	0.0	0.20381	0.02753	0.37299	0.30046	0.0	0.21276	1.0	1.0	1.0	1.0	0.0	1.0	0.1136	0.19548	0.69092	1.0	1.0	1.0	0.5	0.429	0.717	0.561	0.055	0.661	0.0	0.0	0.222	0.0	0.091	0.0	0.848	0.813	0.832	NaN	NaN	NaN
550	-202.9036	-204.7641	1.9238	0.0	0.20381	0.02753	0.37299	0.30046	0.0	0.21276	1.0	1.0	1.0	1.0	0.0	1.0	0.10596	0.26143	0.6326	1.0	1.0	1.0	0.5	0.429	0.717	0.561	0.055	0.661	0.0	0.0	0.222	0.0	0.091	0.0	0.853	0.812	0.834	NaN	NaN	NaN
560	-202.3204	-204.1192	1.9302	0.0	0.20381	0.02753	0.37299	0.29728	0.0	0.21276	1.0	1.0	1.0	1.0	0.0	1.0	0.07994	0.22561	0.69445	1.0	1.0	1.0	0.492	0.419	0.717	0.569	0.054	0.649	0.0	0.0	0.222	0.0	0.091	0.0	0.856	0.817	0.838	NaN	NaN	NaN
570	-202.068	-204.3466	2.0613	0.0	0.20381	0.02753	0.36003	0.2447	0.0	0.21276	1.0	1.0	1.0	1.0	0.0	1.0	0.07994	0.24308	0.67698	1.0	1.0	1.0	0.492	0.409	0.722	0.583	0.052	0.649	0.0	0.0	0.222	0.0	0.091	0.0	0.856	0.819	0.839	NaN	NaN	NaN
580	-201.3722	-203.5698	2.0732	0.0	0.20381	0.02156	0.36003	0.2447	0.0	0.21276	1.0	1.0	1.0	1.0	0.0	1.0	0.07775	0.2156	0.70664	1.0	1.0	1.0	0.492	0.426	0.722	0.583	0.052	0.649	0.0	0.0	0.222	0.0	0.091	0.0	0.848	0.814	0.832	NaN	NaN	NaN
590	-201.4962	-203.5454	2.0717	0.0	0.20381	0.02156	0.36003	0.24701	0.0	0.21121	1.0	1.0	1.0	1.0	0.0	1.0	0.07542	0.2156	0.70898	1.0	1.0	1.0	0.483	0.417	0.722	0.59	0.051	0.633	0.0	0.0	0.222	0.0	0.091	0.0	0.851	0.814	0.834	NaN	NaN	NaN
600	-201.102	-203.2284	2.0717	0.0	0.20381	0.02156	0.36003	0.24701	0.0	0.21121	1.0	1.0	1.0	1.0	0.0	1.0	0.0908	0.18078	0.72843	1.0	1.0	1.0	0.475	0.408	0.709	0.59	0.051	0.623	0.0	0.0	0.222	0.0	0.091	0.0	0.848	0.816	0.833	NaN	NaN	NaN
610	-201.0712	-203.1167	2.1442	0.0	0.20381	0.02156	0.3436	0.24701	0.0	0.19136	1.0	1.0	1.0	1.0	0.0	1.0	0.08109	0.18078	0.73813	1.0	1.0	1.0	0.468	0.408	0.714	0.581	0.049	0.619	0.0	0.0	0.222	0.0	0.091	0.0	0.849	0.816	0.834	NaN	NaN	NaN
620	-199.9569	-202.3454	2.2082	0.0	0.17183	0.02156	0.3436	0.24701	0.0	0.19136	1.0	1.0	1.0	1.0	0.0	1.0	0.06641	0.23154	0.70205	1.0	1.0	1.0	0.484	0.4	0.714	0.562	0.049	0.619	0.0	0.0	0.222	0.0	0.091	0.0	0.85	0.824	0.838	NaN	NaN	NaN
630	-200.5572	-202.925	1.9577	0.0	0.17183	0.02156	0.3436	0.37226	0.0	0.19136	1.0	1.0	1.0	1.0	0.0	1.0	0.05171	0.23154	0.71675	1.0	1.0	1.0	0.47	0.392	0.714	0.569	0.048	0.609	0.0	0.0	0.222	0.0	0.083	0.0	0.845	0.824	0.836	NaN	NaN	NaN
640	-200.5475	-203.007	2.4643	0.0	0.17183	0.02156	0.28542	0.17716	0.0	0.19136	1.0	1.0	1.0	1.0	0.0	1.0	0.05129	0.23154	0.71717	1.0	1.0	1.0	0.47	0.385	0.719	0.567	0.048	0.609	0.0	0.0	0.2	0.0	0.083	0.0	0.841	0.824	0.833	NaN	NaN	NaN
650	-199.1052	-201.2038	2.266	0.0	0.17183	0.02156	0.28542	0.2763	0.0	0.19136	1.0	1.0	1.0	1.0	0.0	1.0	0.05132	0.15556	0.79312	1.0	1.0	1.0	0.47	0.37	0.719	0.565	0.046	0.609	0.0	0.0	0.2	0.0	0.083	0.0	0.842	0.83	0.837	NaN	NaN	NaN
660	-198.7808	-201.8008	2.8674	0.0	0.15653	0.02156	0.0	0.2763	0.0	0.19136	1.0	1.0	0.0	1.0	0.0	1.0	0.05979	0.15556	0.78466	1.0	1.0	1.0	0.478	0.357	0.724	0.565	0.045	0.609	0.0	0.0	0.273	0.0	0.083	0.0	0.843	0.83	0.837	NaN	NaN	NaN
670	-198.116	-201.0142	2.9569	0.0	0.1118	0.02156	0.0	0.2763	0.0	0.19136	1.0	1.0	0.0	1.0	0.0	1.0	0.03923	0.12997	0.8308	1.0	1.0	1.0	0.479	0.351	0.712	0.565	0.045	0.609	0.0	0.0	0.273	0.0	0.083	0.0	0.847	0.835	0.842	NaN	NaN	NaN
680	-196.748	-199.577	2.4428	0.0	0.1118	0.02156	0.0	0.44314	0.0	0.28154	1.0	1.0	0.0	1.0	0.0	1.0	0.03923	0.12997	0.8308	1.0	1.0	1.0	0.479	0.351	0.689	0.577	0.043	0.615	0.0	0.0	0.273	0.0	0.083	0.0	0.847	0.827	0.838	NaN	NaN	NaN
690	-197.2616	-199.7508	2.3797	0.0	0.14337	0.02156	0.0	0.44314	0.0	0.28154	1.0	1.0	0.0	1.0	0.0	1.0	0.04377	0.12997	0.82626	1.0	1.0	1.0	0.479	0.351	0.667	0.577	0.042	0.615	0.0	0.0	0.273	0.0	0.077	0.0	0.849	0.827	0.839	NaN	NaN	NaN
700	-198.1233	-200.0045	2.5447	0.0	0.13499	0.02156	0.0	0.369	0.0	0.28154	1.0	1.0	0.0	1.0	0.0	1.0	0.0429	0.12997	0.82713	1.0	1.0	1.0	0.48	0.345	0.656	0.581	0.042	0.606	0.0	0.0	0.25	0.0	0.077	0.0	0.85	0.827	0.839	NaN	NaN	NaN
710	-197.2409	-199.7891	2.5447	0.0	0.13499	0.02156	0.0	0.369	0.0	0.28154	1.0	1.0	0.0	1.0	0.0	1.0	0.0429	0.0967	0.8604	1.0	1.0	1.0	0.474	0.345	0.646	0.581	0.041	0.606	0.0	0.0	0.25	0.0	0.077	0.0	0.85	0.832	0.842	NaN	NaN	NaN
720	-198.3711	-200.8096	2.6205	0.0	0.09708	0.02156	0.0	0.369	0.0	0.28154	1.0	1.0	0.0	1.0	0.0	1.0	0.04906	0.10849	0.84245	1.0	1.0	1.0	0.487	0.345	0.618	0.573	0.041	0.606	0.0	0.0	0.25	0.0	0.071	0.0	0.851	0.833	0.843	NaN	NaN	NaN
730	-197.0188	-199.9601	2.5183	0.0	0.1482	0.02156	0.0	0.369	0.0	0.28154	1.0	1.0	0.0	1.0	0.0	1.0	0.05037	0.1078	0.84183	1.0	1.0	1.0	0.494	0.333	0.592	0.573	0.04	0.606	0.0	0.0	0.25	0.0	0.071	0.0	0.846	0.835	0.841	NaN	NaN	NaN
740	-198.9579	-201.3502	2.4388	0.0	0.18795	0.02156	0.0	0.369	0.0	0.28154	1.0	1.0	0.0	1.0	0.0	1.0	0.04808	0.11256	0.83936	1.0	1.0	1.0	0.5	0.333	0.575	0.566	0.038	0.606	0.0	0.0	0.25	0.0	0.071	0.0	0.847	0.837	0.842	NaN	NaN	NaN
750	-199.6186	-202.4227	1.8041	0.0	0.18795	0.02566	0.26283	0.369	0.0	0.33197	1.0	1.0	1.0	1.0	0.0	1.0	0.05088	0.12943	0.8197	1.0	1.0	1.0	0.5	0.344	0.568	0.566	0.038	0.612	0.0	0.0	0.308	0.0	0.067	0.0	0.849	0.838	0.844	NaN	NaN	NaN
760	-199.6447	-201.7544	2.1044	0.0	0.18896	0.02566	0.11166	0.369	0.0	0.33197	1.0	1.0	1.0	1.0	0.0	1.0	0.04451	0.12943	0.82606	1.0	1.0	1.0	0.5	0.339	0.579	0.566	0.038	0.603	0.0	0.0	0.308	0.0	0.067	0.0	0.85	0.83	0.841	NaN	NaN	NaN
770	-199.8603	-202.0307	1.9849	0.0	0.18896	0.02603	0.17104	0.369	0.0	0.33197	1.0	1.0	1.0	1.0	0.0	1.0	0.07217	0.11179	0.81604	1.0	1.0	1.0	0.5	0.344	0.584	0.566	0.037	0.603	0.0	0.0	0.308	0.0	0.067	0.0	0.854	0.833	0.845	NaN	NaN	NaN
780	-200.0514	-202.1909	2.0682	0.0	0.14729	0.02603	0.17104	0.369	0.0	0.33197	1.0	1.0	1.0	1.0	0.0	1.0	0.06084	0.13041	0.80875	1.0	1.0	1.0	0.506	0.338	0.584	0.558	0.037	0.603	0.0	0.0	0.308	0.0	0.062	0.0	0.855	0.836	0.846	NaN	NaN	NaN
790	-199.0473	-201.1541	1.7234	0.0	0.14729	0.02603	0.17104	0.54142	0.0	0.33197	1.0	1.0	1.0	1.0	0.0	1.0	0.0582	0.11896	0.82284	1.0	1.0	1.0	0.5	0.333	0.584	0.564	0.036	0.603	0.0	0.0	0.308	0.0	0.059	0.0	0.856	0.841	0.849	NaN	NaN	NaN
800	-200.1275	-201.6898	1.4781	0.0	0.1969	0.02603	0.05686	0.58896	0.0	0.47164	1.0	1.0	1.0	1.0	0.0	1.0	0.06087	0.10183	0.83731	1.0	1.0	1.0	0.506	0.333	0.595	0.57	0.036	0.609	0.0	0.0	0.308	0.0	0.059	0.0	0.858	0.842	0.851	NaN	NaN	NaN
810	-201.7787	-203.22	1.1179	0.0	0.1969	0.02603	0.05686	0.58896	0.0	0.65171	1.0	1.0	1.0	1.0	0.0	1.0	0.05202	0.10183	0.84615	1.0	1.0	1.0	0.506	0.324	0.595	0.57	0.034	0.606	0.0	0.0	0.308	0.0	0.059	0.0	0.854	0.842	0.849	NaN	NaN	NaN
820	-199.9885	-201.1273	0.9672	0.0	0.16825	0.01981	0.05686	0.69922	0.0	0.65171	1.0	1.0	1.0	1.0	0.0	1.0	0.05202	0.10183	0.84615	1.0	1.0	1.0	0.511	0.333	0.595	0.568	0.033	0.606	0.0	0.0	0.308	0.0	0.059	0.0	0.854	0.835	0.845	NaN	NaN	NaN
830	-200.413	-201.4088	1.0795	0.0	0.16825	0.01981	0.05686	0.64305	0.0	0.65171	1.0	1.0	1.0	1.0	0.0	1.0	0.052	0.10756	0.84044	1.0	1.0	1.0	0.506	0.329	0.588	0.56	0.033	0.606	0.0	0.0	0.308	0.0	0.059	0.0	0.855	0.839	0.848	NaN	NaN	NaN
840	-201.3451	-201.7354	0.5142	0.0	0.16825	0.01981	0.33954	0.64305	0.0	0.65171	1.0	1.0	1.0	1.0	0.0	1.0	0.04461	0.08856	0.86683	1.0	1.0	1.0	0.506	0.315	0.585	0.56	0.033	0.606	0.0	0.0	0.4	0.0	0.059	0.0	0.856	0.84	0.849	NaN	NaN	NaN
850	-200.4877	-201.1255	0.7812	0.0	0.12177	0.01981	0.33954	0.64305	0.0	0.56467	1.0	1.0	1.0	1.0	0.0	1.0	0.04037	0.1031	0.85652	1.0	1.0	1.0	0.516	0.311	0.585	0.56	0.033	0.611	0.0	0.0	0.4	0.0	0.059	0.0	0.852	0.843	0.848	NaN	NaN	NaN
860	-197.8136	-199.9117	1.4635	0.0	0.12177	0.01822	0.0	0.64305	0.0	0.56467	1.0	1.0	0.0	1.0	0.0	1.0	0.04144	0.09112	0.86743	1.0	1.0	1.0	0.516	0.321	0.59	0.553	0.033	0.611	0.0	0.0	0.438	0.0	0.059	0.0	0.853	0.844	0.849	NaN	NaN	NaN
870	-198.0411	-198.9448	0.8384	0.0	0.12177	0.01822	0.0	0.9556	0.0	0.56467	1.0	1.0	0.0	1.0	0.0	1.0	0.04189	0.10526	0.85284	1.0	1.0	1.0	0.511	0.321	0.583	0.563	0.033	0.611	0.0	0.0	0.438	0.0	0.059	0.0	0.855	0.847	0.851	NaN	NaN	NaN
880	-199.263	-200.2973	0.7703	0.0	0.15856	0.02211	0.0	0.94897	0.0	0.56467	1.0	1.0	0.0	1.0	0.0	1.0	0.04189	0.11399	0.84412	1.0	1.0	1.0	0.511	0.329	0.57	0.568	0.033	0.611	0.0	0.0	0.438	0.0	0.059	0.0	0.855	0.848	0.852	NaN	NaN	NaN
890	-199.1093	-200.1477	1.1456	0.0	0.15856	0.02211	0.0	0.7613	0.0	0.56467	1.0	1.0	0.0	1.0	0.0	1.0	0.03764	0.09383	0.86853	1.0	1.0	1.0	0.511	0.329	0.563	0.573	0.032	0.611	0.0	0.0	0.438	0.0	0.059	0.0	0.856	0.853	0.855	NaN	NaN	NaN
900	-199.125	-200.1852	1.182	0.0	0.14038	0.02211	0.0	0.7613	0.0	0.56467	1.0	1.0	0.0	1.0	0.0	1.0	0.03764	0.12884	0.83352	1.0	1.0	1.0	0.505	0.329	0.563	0.56	0.032	0.611	0.0	0.0	0.438	0.0	0.059	0.0	0.85	0.855	0.853	NaN	NaN	NaN
910	-199.0031	-200.1113	1.182	0.0	0.14038	0.02211	0.0	0.7613	0.0	0.56467	1.0	1.0	0.0	1.0	0.0	1.0	0.04001	0.11691	0.84308	1.0	1.0	1.0	0.5	0.329	0.563	0.554	0.031	0.611	0.0	0.0	0.438	0.0	0.059	0.0	0.852	0.857	0.855	NaN	NaN	NaN
920	-198.937	-199.992	1.0862	0.0	0.14038	0.02211	0.0	0.80917	0.0	0.56467	1.0	1.0	0.0	1.0	0.0	1.0	0.04001	0.11691	0.84308	1.0	1.0	1.0	0.495	0.317	0.563	0.568	0.031	0.603	0.0	0.0	0.438	0.0	0.059	0.0	0.852	0.857	0.855	NaN	NaN	NaN
930	-199.2933	-200.9695	1.682	0.0	0.14038	0.02211	0.0	0.80917	0.0	0.26676	1.0	1.0	0.0	1.0	0.0	1.0	0.04001	0.09627	0.86372	1.0	1.0	1.0	0.49	0.317	0.563	0.568	0.03	0.605	0.0	0.0	0.438	0.0	0.059	0.0	0.852	0.858	0.855	NaN	NaN	NaN
940	-197.5123	-199.5067	2.1843	0.0	0.14038	0.02211	0.0	0.55804	0.0	0.26676	1.0	1.0	0.0	1.0	0.0	1.0	0.03378	0.08233	0.88389	1.0	1.0	1.0	0.485	0.313	0.557	0.573	0.03	0.605	0.0	0.0	0.438	0.0	0.059	0.0	0.854	0.86	0.857	NaN	NaN	NaN
950	-196.9837	-199.4327	2.1873	0.0	0.14038	0.0206	0.0	0.55804	0.0	0.26676	1.0	1.0	0.0	1.0	0.0	1.0	0.03007	0.08233	0.8876	1.0	1.0	1.0	0.48	0.329	0.544	0.573	0.03	0.605	0.0	0.0	0.389	0.0	0.059	0.0	0.855	0.86	0.858	NaN	NaN	NaN
960	-196.7785	-199.1491	2.1879	0.0	0.10295	0.0206	0.0	0.59516	0.0	0.26676	1.0	1.0	0.0	1.0	0.0	1.0	0.03007	0.0951	0.87484	1.0	1.0	1.0	0.481	0.329	0.538	0.571	0.029	0.605	0.0	0.0	0.389	0.0	0.059	0.0	0.85	0.856	0.853	NaN	NaN	NaN
970	-196.7335	-199.2796	2.5016	0.0	0.10295	0.01843	0.0	0.50216	0.0	0.20509	1.0	1.0	0.0	1.0	0.0	1.0	0.04	0.08223	0.87777	1.0	1.0	1.0	0.476	0.345	0.538	0.576	0.029	0.61	0.0	0.0	0.389	0.0	0.059	0.0	0.852	0.858	0.855	NaN	NaN	NaN
980	-197.5269	-199.6705	2.0226	0.0	0.13938	0.01843	0.0	0.63223	0.0	0.27811	1.0	1.0	0.0	1.0	0.0	1.0	0.04103	0.08718	0.87179	1.0	1.0	1.0	0.481	0.341	0.527	0.58	0.029	0.62	0.0	0.0	0.389	0.0	0.059	0.0	0.854	0.859	0.856	NaN	NaN	NaN
990	-196.6928	-198.5459	2.0057	0.0	0.1221	0.01843	0.0	0.63223	0.0	0.30384	1.0	1.0	0.0	1.0	0.0	1.0	0.04103	0.07484	0.88413	1.0	1.0	1.0	0.481	0.341	0.51	0.58	0.029	0.63	0.0	0.0	0.389	0.0	0.059	0.0	0.854	0.86	0.857	NaN	NaN	NaN
1000	-196.5569	-198.6188	2.0057	0.0	0.1221	0.01843	0.0	0.63223	0.0	0.30384	1.0	1.0	0.0	1.0	0.0	1.0	0.0434	0.08417	0.87243	1.0	1.0	1.0	0.481	0.337	0.51	0.569	0.029	0.614	0.0	0.0	0.389	0.0	0.059	0.0	0.854	0.863	0.859	NaN	NaN	NaN
